0
0.035
0.06825
0.0998375
0.129846
0.158353
0.185436
0.211164
0.235606
0.258825
0.280884
0.30184
0.321748
0.340661
0.358628
0.375696
0.391911
0.407316
0.421619
0.434873
0.447148
0.458509
0.469015
0.478725
0.487691
0.495963
0.50359
0.510613
0.517075
0.523015
0.528468
0.533468
0.538047
0.542234
0.546057
0.549546
0.552727
0.555626
0.558266
0.560668
0.562853
0.564838
0.566641
0.568277
0.569761
0.571106
0.572323
0.573425
0.574422
0.575323
0.576137
0.576872
0.577534
0.578132
0.578671
0.579156
0.579593
0.579986
0.580339
0.580657
0.580942
0.581198
0.581428
0.581634
0.581819
0.581984
0.582132
0.582265
0.582383
0.582489
0.582583
0.582668
0.582743
0.58281
0.58287
0.582923
0.582971
0.583013
0.583051
0.583084
0.583113
0.58314
0.583163
0.583184
0.583202
0.583218
0.583232
0.583245
0.583256
0.583266
0.583274
0.583282
0.583289
0.583295
0.5833
0.583304
0.583308
0.583312
0.583315
0.583317
0.58332
